<?xml version="1.0"?>
<opencv_storage>
<id1>8080471</id1>
<id2>8170408</id2>
<T type_id="opencv-matrix">
  <rows>3</rows>
  <cols>1</cols>
  <dt>d</dt>
  <data>
    -1.5020106670635727e+02 2.9314067658268663e+00
    3.1034553244817818e+01</data></T>
<R type_id="opencv-matrix">
  <rows>3</rows>
  <cols>3</cols>
  <dt>d</dt>
  <data>
    9.9918041292975468e-01 -1.6242466909754311e-02
    3.7076740501430304e-02 1.6733128650135282e-02 9.9977597023559284e-01
    -1.2961934464309429e-02 -3.6857900416367828e-02
    1.3571720899155237e-02 9.9922835406564225e-01</data></R>
</opencv_storage>
