<?xml version="1.0"?>
<opencv_storage>
<id1>8170408</id1>
<id2>8080471</id2>
<T type_id="opencv-matrix">
  <rows>3</rows>
  <cols>1</cols>
  <dt>d</dt>
  <data>
    -3.6064868589594056e+02 -7.8261267746399827e+00
    -6.2904753192143739e+00</data></T>
<R type_id="opencv-matrix">
  <rows>3</rows>
  <cols>3</cols>
  <dt>d</dt>
  <data>
    9.9986329398733320e-01 -1.0390793355723859e-03
    1.6501928703460320e-02 1.1740895112020235e-03 9.9996590386290918e-01
    -8.1738990362540450e-03 -1.6492872721857361e-02
    8.1921563565141905e-03 9.9983042248353848e-01</data></R>
</opencv_storage>
