<?xml version="1.0"?>
<opencv_storage>
<CameraMatrix type_id="opencv-matrix">
  <rows>3</rows>
  <cols>3</cols>
  <dt>d</dt>
  <data>
    1.4500766102644141e+03 0. 3.1950000000000000e+02 0.
    1.4562027321478533e+03 2.3950000000000000e+02 0. 0. 1.</data></CameraMatrix>
<Distortion type_id="opencv-matrix">
  <rows>1</rows>
  <cols>5</cols>
  <dt>d</dt>
  <data>
    -5.1606406293123554e-02 -1.2345684989845122e-01
    1.2569013741907970e-03 2.3019883125160495e-03 0.</data></Distortion>
<Size_Width>640</Size_Width>
<Size_Height>480</Size_Height>
</opencv_storage>
