<?xml version="1.0"?>
<opencv_storage>
<CameraMatrix type_id="opencv-matrix">
  <rows>3</rows>
  <cols>3</cols>
  <dt>d</dt>
  <data>
    1.4557807021382650e+03 0. 3.1950000000000000e+02 0.
    1.4608192131978556e+03 2.3950000000000000e+02 0. 0. 1.</data></CameraMatrix>
<Distortion type_id="opencv-matrix">
  <rows>1</rows>
  <cols>5</cols>
  <dt>d</dt>
  <data>
    -1.0016513254850302e-01 5.6284133451892382e-01
    1.2910390987455396e-03 5.1716778382988049e-03 0.</data></Distortion>
<Size_Width>640</Size_Width>
<Size_Height>480</Size_Height>
</opencv_storage>
